25 25
1
5 5
23 23
0011000011110001100000011
0011001000000000000001111
1100000000010000000000000
0000001000000000011110000
0000110000000011000000011
0000001000000111100000000
0000000000001100000000000
0000000000000000000000000
1100000000000000000001111
1000111100000001000000000
1100000000011000000001100
1000011000000000000000000
0000000000001111100000000
0000011000000000000001111
0001000000001000010000000
1000000111000000011000000
0000001000000001000000000
1000000000111000000110000
0000100000000000000000010
0001000000000110000000000
0000000110000000001000011
0001100000000010000001111
0001111000000000110000001
0000000111000001000011000
1111000000001100000000011
